F 459.5 1987500  7857000  4922250  5869500   1177155   911250 0.2258876
E 230.0 1219000 11190000  6204500  9971000   3698162  2193500 0.4068675
D 115.5  754500 16102500  8428500 15348000   9773695  4417500 0.5480215
C  58.0  459000 21370000 10914500 20911000  19568162  6903500 0.6472075
B  29.5  279500 25320500 12800000 25041000  29170960  8789000 0.6987072
A  15.0   86000 31719000 15902500 31633000  48811948 11891500 0.7563814
Z   8.0       0 42589000 21294500 42589000  93764037 17283500 0.8156703
Y   4.5       0 55502500 27751250 55502500 166259206 23740250 0.8572094
X   2.5       0 76831500 38415750 76831500 331520403 34404750 0.8962213
W   1.5       0 81035500 40517750 81035500 370784201 36506750 0.9015418
V   1.0       0 84515000 42257500 84515000 404947777 38246500 0.9055520