(690*(d)^(1/3))-7000
               a        b          c
 [1,]  1894.5145 3650.901 4754.61957
 [2,]  1374.7451 4057.492 5970.91186
 [3,]   928.2551 4307.062 6375.36790
 [4,]   428.8334 4638.562 6998.38442
 [5,]  -184.9926 4782.095 7349.38821
 [6,]  -794.2622 4985.435 7742.93990
 [7,] -1249.0188 5101.322 7968.93852
 [8,] -2160.6304 5187.263 8193.05695
 [9,] -3654.3228 5175.271   94.56228

> d^(1/3)
              a        b        c
 [1,] 12.890601 15.43609 17.03568
 [2,] 12.137312 16.02535 18.79842
 [3,] 11.490225 16.38705 19.38459
 [4,] 10.766425 16.86748 20.28751
 [5,]  9.876822 17.07550 20.79621
 [6,]  8.993823 17.37020 21.36658
 [7,]  8.334755 17.53815 21.69411
 [8,]  7.013579 17.66270 22.01892
 [9,]  4.848808 17.64532 10.28197
> 